{
  "advancedEditorSelectedIdentifier" : "ProjectBrowser",
  "openSceneRelativePaths" : [
    "Assets\/A_Tatuus.usda",
    "Assets\/A_Billboard.usda",
    "Assets\/X_Button.usda",
    "Assets\/GlassMaterial.usda",
    "Assets\/A_GuideLogo.usda"
  ],
  "recentIdentifiers" : {
    "058D22B3-617F-4189-81FC-51C1EA8FE005" : [

    ],
    "0BFD3661-589B-4CCB-A6C5-BAD8434C0321" : [

    ],
    "10948EB2-7181-4F08-B42B-D4F341789D0E" : [

    ],
    "11A1E0FB-96D5-4EF1-B543-E7082D3C62EE" : [

    ],
    "22B3903E-EA09-4FB7-9964-914EE02B46DA" : [

    ],
    "33B0A82C-0919-4BB8-8A5A-8A66C86F3D09" : [

    ],
    "38D92494-7364-43CA-999D-BCEA265F80E4" : [

    ],
    "3A9FC6DD-D482-4FA7-B8A6-49B46A651051" : [

    ],
    "4C2EC8C5-CAB7-40A8-BC93-21A4FE1FEAAB" : [

    ],
    "4DA13DEC-5CB4-405A-B34E-DB7AE5C35BC3" : [

    ],
    "6940729E-D6EF-468D-B1C4-99EDA2F0E0B8" : [

    ],
    "7C788533-E48A-4E51-BFB2-3EC86EFA6341" : [

    ],
    "8310F8E8-92EB-4595-8541-00709ED21EA8" : [

    ],
    "8460CB35-FB30-4A89-A014-B60309E9FF26" : [

    ],
    "86FFF562-C3EB-4448-B15A-FAF69ABADEA6" : [

    ],
    "ACF78856-1BA0-4137-970C-6F7C438EF201" : [

    ],
    "B0E055C0-A130-4C42-8B9C-7D3F6A345FBB" : [

    ],
    "BA9F8EB0-95AC-4F35-BCA2-DA89B669CF98" : [

    ],
    "BBAED35A-FE29-4764-B3A0-4BC7649E74CE" : [

    ],
    "C94884B9-2421-4207-B447-DA633AA96785" : [

    ],
    "E66B323A-A067-4EA1-92CE-986936431884" : [

    ],
    "FA699619-2E2C-46F7-BED5-335EA56DD0ED" : [

    ]
  },
  "sceneCameraHistory" : {
    "0019CBBE-8483-4B13-B3B9-1E9B87CEFFD2" : [
      {
        "date" : 795974138.035969,
        "title" : "Untitled",
        "transform" : [
          1,
          0,
          0,
          0,
          0,
          0.7071069,
          -0.70710677,
          0,
          0,
          0.70710677,
          0.7071069,
          0,
          0,
          70.710686,
          70.710686,
          1
        ]
      }
    ],
    "058D22B3-617F-4189-81FC-51C1EA8FE005" : [
      {
        "date" : 797246208.407175,
        "title" : "Untitled",
        "transform" : [
          0.123332225,
          -1.4298487e-09,
          -0.9923655,
          0,
          -0.41057098,
          0.91039985,
          -0.05102619,
          0,
          0.90344936,
          0.41372964,
          0.112281635,
          0,
          2.461051,
          1.6813425,
          -0.37730578,
          1
        ]
      },
      {
        "date" : 796907635.384317,
        "title" : "Untitled",
        "transform" : [
          -0.470154,
          -1.0138062e-09,
          0.88258445,
          0,
          0.08625593,
          0.99521285,
          0.04594866,
          0,
          -0.8783594,
          0.09773109,
          -0.4679033,
          0,
          -2.1844492,
          0.851359,
          -2.010165,
          1
        ]
      },
      {
        "date" : 796836170.359063,
        "title" : "Untitled",
        "transform" : [
          -0.8421221,
          -2.860523e-06,
          0.53928703,
          0,
          0.31741598,
          0.8084331,
          0.49566427,
          0,
          -0.4359789,
          0.5885881,
          -0.6807984,
          0,
          -0.44686383,
          0.54334956,
          -1.149994,
          1
        ]
      },
      {
        "date" : 796832871.760018,
        "title" : "Untitled",
        "transform" : [
          -0.73997825,
          -1.1864728e-08,
          0.6726308,
          0,
          0.2519472,
          0.9271987,
          0.27717352,
          0,
          -0.6236624,
          0.3745698,
          -0.68610686,
          0,
          -2.058626,
          2.1892984,
          -4.080168,
          1
        ]
      },
      {
        "date" : 796832851.44582,
        "title" : "Untitled",
        "transform" : [
          -0.33389813,
          2.4347666e-09,
          0.94260913,
          0,
          0.22725624,
          0.970502,
          0.08050042,
          0,
          -0.91480416,
          0.24109276,
          -0.32404882,
          0,
          -1.6222779,
          1.585773,
          -0.55677277,
          1
        ]
      },
      {
        "date" : 796832837.94995,
        "title" : "Untitled",
        "transform" : [
          -0.3964052,
          3.2662557e-09,
          0.9180756,
          0,
          0.17827228,
          0.9809658,
          0.07697411,
          0,
          -0.90060085,
          0.19418038,
          -0.38885996,
          0,
          -1.6081026,
          1.5039808,
          -0.6739275,
          1
        ]
      },
      {
        "date" : 796832827.341449,
        "title" : "Untitled",
        "transform" : [
          -0.16089879,
          -2.7386695e-09,
          0.9869709,
          0,
          0.5029233,
          0.8604336,
          0.08198805,
          0,
          -0.849223,
          0.50956255,
          -0.13844284,
          0,
          -3.538959,
          2.625147,
          -1.1323569,
          1
        ]
      },
      {
        "date" : 796832459.474959,
        "title" : "Untitled",
        "transform" : [
          -0.39999282,
          -2.7567513e-09,
          0.9165183,
          0,
          0.473944,
          0.85591674,
          0.20684175,
          0,
          -0.7844633,
          0.5171135,
          -0.34236065,
          0,
          -3.1523795,
          2.6572876,
          -1.9676317,
          1
        ]
      },
      {
        "date" : 796832446.275047,
        "title" : "Untitled",
        "transform" : [
          -0.012939101,
          -3.7318904e-09,
          0.9999163,
          0,
          0.57677865,
          0.81686634,
          0.0074636573,
          0,
          -0.816798,
          0.5768269,
          -0.010569585,
          0,
          -3.470112,
          2.9126525,
          -0.5873904,
          1
        ]
      },
      {
        "date" : 796832440.126629,
        "title" : "Untitled",
        "transform" : [
          -0.98191726,
          -3.269446e-09,
          0.1893107,
          0,
          0.03832043,
          0.97929853,
          0.19876069,
          0,
          -0.18539163,
          0.20242096,
          -0.9615902,
          0,
          -0.27917024,
          1.3692472,
          -4.0157747,
          1
        ]
      }
    ],
    "10948EB2-7181-4F08-B42B-D4F341789D0E" : [
      {
        "date" : 796907625.815532,
        "title" : "Untitled",
        "transform" : [
          -0.40199062,
          2.7499805e-06,
          0.9156439,
          0,
          0.34450662,
          0.9265206,
          0.15124427,
          0,
          -0.84836245,
          0.37624413,
          -0.3724535,
          0,
          -2.6589677,
          1.9837627,
          -1.7228366,
          1
        ]
      },
      {
        "date" : 796836407.875613,
        "title" : "Untitled",
        "transform" : [
          -0.34126368,
          -2.2216222e-08,
          0.9399677,
          0,
          0.6492475,
          0.7231294,
          0.23571508,
          0,
          -0.67971826,
          0.6907126,
          -0.24677771,
          0,
          -0.08356023,
          0.20527719,
          -0.10586841,
          1
        ]
      },
      {
        "date" : 796836382.499374,
        "title" : "Untitled",
        "transform" : [
          -0.37790734,
          -2.214383e-08,
          0.9258435,
          0,
          0.65600234,
          0.70566493,
          0.2677646,
          0,
          -0.6533353,
          0.7085456,
          -0.26667592,
          0,
          -0.073721305,
          0.20806396,
          -0.10677467,
          1
        ]
      },
      {
        "date" : 796832789.875795,
        "title" : "Untitled",
        "transform" : [
          -0.4988986,
          1.8369203e-08,
          0.86666036,
          0,
          0.2891929,
          0.9426842,
          0.16647564,
          0,
          -0.816987,
          0.3336865,
          -0.4703039,
          0,
          -2.9278207,
          2.3962212,
          -2.2848687,
          1
        ]
      },
      {
        "date" : 796832783.14216,
        "title" : "Untitled",
        "transform" : [
          -0.90404624,
          1.680708e-08,
          0.4274347,
          0,
          0.19713403,
          0.88729495,
          0.41694832,
          0,
          -0.3792606,
          0.4612025,
          -0.8021557,
          0,
          -1.4029125,
          2.8435278,
          -3.4604135,
          1
        ]
      },
      {
        "date" : 796832774.158519,
        "title" : "Untitled",
        "transform" : [
          0.15632005,
          1.7462025e-08,
          0.98770636,
          0,
          0.13172339,
          0.99106723,
          -0.020847458,
          0,
          -0.9788835,
          0.1333629,
          0.15492368,
          0,
          -3.4924726,
          1.6857892,
          -0.0657922,
          1
        ]
      },
      {
        "date" : 796832752.906948,
        "title" : "Untitled",
        "transform" : [
          -0.4735586,
          -1.1516439e-08,
          0.88076234,
          0,
          0.140222,
          0.9872455,
          0.07539291,
          0,
          -0.8695286,
          0.1592052,
          -0.46751857,
          0,
          -3.1446037,
          1.777921,
          -2.2920241,
          1
        ]
      },
      {
        "date" : 796832750.207518,
        "title" : "Untitled",
        "transform" : [
          -0.52158004,
          -4.17684e-09,
          0.85320234,
          0,
          0.6668138,
          0.6238522,
          0.4076368,
          0,
          -0.5322722,
          0.78154236,
          -0.3253889,
          0,
          -1.8842432,
          3.9666994,
          -1.7495545,
          1
        ]
      },
      {
        "date" : 796832535.094995,
        "title" : "Untitled",
        "transform" : [
          0.113157876,
          -1.8869326e-08,
          0.993577,
          0,
          0.046035584,
          0.99892604,
          -0.005243065,
          0,
          -0.99251,
          0.046333123,
          0.113036335,
          0,
          -3.5512648,
          1.3751159,
          -0.2140086,
          1
        ]
      },
      {
        "date" : 796832519.627715,
        "title" : "Untitled",
        "transform" : [
          -0.12313697,
          -1.8336578e-08,
          0.9923897,
          0,
          0.34464523,
          0.9377584,
          0.04276392,
          0,
          -0.9306218,
          0.34728816,
          -0.11547274,
          0,
          -3.286998,
          2.4414837,
          -1.0234544,
          1
        ]
      }
    ],
    "11A1E0FB-96D5-4EF1-B543-E7082D3C62EE" : [
      {
        "date" : 796058488.616304,
        "title" : "Untitled",
        "transform" : [
          1,
          0,
          0,
          0,
          0,
          0.7071069,
          -0.70710677,
          0,
          0,
          0.70710677,
          0.7071069,
          0,
          0,
          70.71069,
          70.710724,
          1
        ]
      }
    ],
    "22B3903E-EA09-4FB7-9964-914EE02B46DA" : [
      {
        "date" : 797329495.952142,
        "title" : "Untitled",
        "transform" : [
          0.5760155,
          4.3622244e-09,
          -0.8174389,
          0,
          -0.4385508,
          0.8439044,
          -0.30902866,
          0,
          0.6898402,
          0.5364937,
          0.48610193,
          0,
          2.185522,
          1.569535,
          1.950784,
          1
        ]
      },
      {
        "date" : 797271920.760918,
        "title" : "Untitled",
        "transform" : [
          -0.27055702,
          2.4751731e-08,
          -0.96270394,
          0,
          -0.30591214,
          0.94816995,
          0.085973114,
          0,
          0.91280705,
          0.31776345,
          -0.25653398,
          0,
          0.016507342,
          0.042846676,
          0.01232389,
          1
        ]
      },
      {
        "date" : 797271892.232371,
        "title" : "Untitled",
        "transform" : [
          0.3656629,
          3.0765143e-08,
          -0.93074733,
          0,
          -0.6559829,
          0.70941436,
          -0.25771615,
          0,
          0.66028553,
          0.7047916,
          0.25940657,
          0,
          -0.017542213,
          0.09503289,
          0.08189243,
          1
        ]
      },
      {
        "date" : 797271872.668618,
        "title" : "Untitled",
        "transform" : [
          0.6665534,
          2.945081e-08,
          -0.7454573,
          0,
          -0.55327684,
          0.6701808,
          -0.4947145,
          0,
          0.49959114,
          0.7421979,
          0.4467113,
          0,
          -0.039209977,
          0.10007669,
          0.107148275,
          1
        ]
      },
      {
        "date" : 797271867.520906,
        "title" : "Untitled",
        "transform" : [
          0.82125366,
          1.2218644e-09,
          -0.5705634,
          0,
          -0.35201275,
          0.7869973,
          -0.5066776,
          0,
          0.44903186,
          0.6169564,
          0.64632434,
          0,
          0.20974858,
          0.40722048,
          0.35516107,
          1
        ]
      },
      {
        "date" : 797271836.513804,
        "title" : "Untitled",
        "transform" : [
          0.9927474,
          -3.6802201e-09,
          -0.12021888,
          0,
          -0.058203734,
          0.8749862,
          -0.48063672,
          0,
          0.10518986,
          0.48414803,
          0.86864024,
          0,
          0.027102599,
          0.3362839,
          0.476557,
          1
        ]
      },
      {
        "date" : 797271832.270073,
        "title" : "Untitled",
        "transform" : [
          0.9927474,
          -3.6802201e-09,
          -0.12021888,
          0,
          -0.058203734,
          0.8749862,
          -0.48063672,
          0,
          0.10518986,
          0.48414803,
          0.86864024,
          0,
          0.11108124,
          1.3782749,
          1.9531907,
          1
        ]
      },
      {
        "date" : 797260522.066991,
        "title" : "Untitled",
        "transform" : [
          0.9927474,
          -3.6802201e-09,
          -0.12021888,
          0,
          -0.058203734,
          0.8749862,
          -0.48063672,
          0,
          0.10518986,
          0.48414803,
          0.86864024,
          0,
          0.112031534,
          1.390066,
          1.9699001,
          1
        ]
      },
      {
        "date" : 797260483.902987,
        "title" : "Untitled",
        "transform" : [
          0.96989995,
          -1.5911056e-08,
          0.24350393,
          0,
          0.19990896,
          0.57097393,
          -0.7962569,
          0,
          -0.13903438,
          0.82096815,
          0.5537876,
          0,
          -0.13931996,
          0.17540056,
          -0.25042626,
          1
        ]
      },
      {
        "date" : 797260448.828077,
        "title" : "Untitled",
        "transform" : [
          0.999845,
          9.663136e-10,
          -0.017602142,
          0,
          -0.0032644798,
          0.9826519,
          -0.18543044,
          0,
          0.017296808,
          0.18545917,
          0.9824997,
          0,
          0.03216642,
          1.9546938,
          1.8626977,
          1
        ]
      }
    ],
    "33B0A82C-0919-4BB8-8A5A-8A66C86F3D09" : [
      {
        "date" : 797526231.39203,
        "title" : "Untitled",
        "transform" : [
          0.9999513,
          -7.321049e-11,
          -0.00987114,
          0,
          -0.0011088944,
          0.99367017,
          -0.11233154,
          0,
          0.009808658,
          0.112337016,
          0.99362177,
          0,
          -0.025034329,
          1.3184252,
          0.14143156,
          1
        ]
      },
      {
        "date" : 797526222.25221,
        "title" : "Untitled",
        "transform" : [
          0.9938553,
          5.6162897e-10,
          -0.11068712,
          0,
          -0.029249758,
          0.9644525,
          -0.26263243,
          0,
          0.10675246,
          0.26425618,
          0.9585262,
          0,
          0.1418048,
          1.567052,
          0.17600083,
          1
        ]
      },
      {
        "date" : 797526201.500167,
        "title" : "Untitled",
        "transform" : [
          0.9996168,
          -2.6988603e-10,
          -0.027683543,
          0,
          -0.0035569367,
          0.9917114,
          -0.1284364,
          0,
          0.02745408,
          0.12848563,
          0.9913313,
          0,
          0.0017960058,
          1.334128,
          0.17513192,
          1
        ]
      },
      {
        "date" : 797526175.332252,
        "title" : "Untitled",
        "transform" : [
          0.9993779,
          -2.429091e-10,
          -0.03526983,
          0,
          -0.003421138,
          0.9952845,
          -0.09693867,
          0,
          0.035103507,
          0.09699902,
          0.99466527,
          0,
          0.013390844,
          1.2859795,
          0.17697656,
          1
        ]
      },
      {
        "date" : 797526170.649388,
        "title" : "Untitled",
        "transform" : [
          0.9994218,
          -2.3801922e-10,
          -0.034002326,
          0,
          -0.0035880606,
          0.9944168,
          -0.105462976,
          0,
          0.03381248,
          0.105523996,
          0.9938417,
          0,
          0.011461492,
          1.299006,
          0.17697012,
          1
        ]
      },
      {
        "date" : 797526162.121584,
        "title" : "Untitled",
        "transform" : [
          0.99978477,
          -2.1146633e-10,
          -0.020749167,
          0,
          -0.0025817554,
          0.9922288,
          -0.124400176,
          0,
          0.02058792,
          0.12442696,
          0.9920152,
          0,
          -0.008709331,
          1.3279305,
          0.17654027,
          1
        ]
      },
      {
        "date" : 797526142.314147,
        "title" : "Untitled",
        "transform" : [
          0.99971855,
          9.4156627e-07,
          -0.023722004,
          0,
          -0.0062771817,
          0.9643648,
          -0.2645015,
          0,
          0.022876415,
          0.26457602,
          0.96409345,
          0,
          0.55101854,
          1.3673022,
          1.6767521,
          1
        ]
      },
      {
        "date" : 797526140.483351,
        "title" : "Untitled",
        "transform" : [
          0.9999783,
          9.4290874e-07,
          -0.0065928763,
          0,
          -0.0041242614,
          0.7802628,
          -0.62543815,
          0,
          0.005143586,
          0.62545174,
          0.78024584,
          0,
          0.5199102,
          1.9939183,
          1.3365806,
          1
        ]
      },
      {
        "date" : 797526130.763708,
        "title" : "Untitled",
        "transform" : [
          0.99588984,
          4.1932147e-10,
          -0.09057257,
          0,
          -0.022953521,
          0.96735454,
          -0.25238523,
          0,
          0.087615795,
          0.25342682,
          0.9633786,
          0,
          0.067219004,
          0.07514763,
          0.27190852,
          1
        ]
      },
      {
        "date" : 797526117.235062,
        "title" : "Untitled",
        "transform" : [
          0.9958899,
          2.084025e-09,
          -0.09057258,
          0,
          -0.022953521,
          0.9673546,
          -0.2523852,
          0,
          0.087615795,
          0.25342682,
          0.9633786,
          0,
          0.090786874,
          1.2299016,
          1.03281,
          1
        ]
      }
    ],
    "38A6DB57-124D-47B3-AD15-B15E5FA4AAE7" : [
      {
        "date" : 795689593.319741,
        "title" : "Untitled",
        "transform" : [
          1,
          0,
          0,
          0,
          0,
          0.7071069,
          -0.70710677,
          0,
          0,
          0.70710677,
          0.7071069,
          0,
          0,
          3.6697218,
          3.6697223,
          1
        ]
      }
    ],
    "38D92494-7364-43CA-999D-BCEA265F80E4" : [
      {
        "date" : 795974139.036796,
        "title" : "Untitled",
        "transform" : [
          -0.00028391066,
          -3.3541596e-09,
          -1,
          0,
          -0.2151192,
          0.9765879,
          6.110828e-05,
          0,
          0.9765878,
          0.21511929,
          -0.00027732537,
          0,
          88.21428,
          47.016468,
          -2.7740943,
          1
        ]
      },
      {
        "date" : 795971801.883412,
        "title" : "Untitled",
        "transform" : [
          -0.00028391066,
          -3.3541596e-09,
          -1,
          0,
          -0.2151192,
          0.9765879,
          6.110828e-05,
          0,
          0.9765878,
          0.21511929,
          -0.00027732537,
          0,
          88.214264,
          47.016464,
          -2.7740936,
          1
        ]
      },
      {
        "date" : 795969961.399908,
        "title" : "Untitled",
        "transform" : [
          -0.00028391066,
          -3.3541596e-09,
          -1,
          0,
          -0.2151192,
          0.9765879,
          6.110828e-05,
          0,
          0.9765879,
          0.21511932,
          -0.0002773254,
          0,
          4.007397,
          2.135863,
          -0.1260215,
          1
        ]
      },
      {
        "date" : 795969573.014608,
        "title" : "Untitled",
        "transform" : [
          0.32123366,
          -4.407662e-09,
          -0.9469999,
          0,
          -0.32080212,
          0.9408742,
          -0.108819865,
          0,
          0.89100784,
          0.3387563,
          0.3022404,
          0,
          3.543969,
          2.6328309,
          1.0702834,
          1
        ]
      },
      {
        "date" : 795969428.763591,
        "title" : "Untitled",
        "transform" : [
          0.008285049,
          -5.2743596e-09,
          -0.99996567,
          0,
          -0.14658967,
          0.9891966,
          -0.0012144982,
          0,
          0.9891626,
          0.14659482,
          0.008195452,
          0,
          4.1401467,
          1.8523448,
          -0.090585746,
          1
        ]
      },
      {
        "date" : 795966482.799715,
        "title" : "Untitled",
        "transform" : [
          0.013464207,
          -5.456269e-09,
          -0.99990934,
          0,
          -0.6279361,
          0.77821887,
          -0.008455381,
          0,
          0.77814835,
          0.62799305,
          0.010478009,
          0,
          1.3870895,
          2.6928744,
          -0.1062173,
          1
        ]
      },
      {
        "date" : 795716362.042837,
        "title" : "Untitled",
        "transform" : [
          -0.062203523,
          -5.29722e-09,
          -0.99806345,
          0,
          -0.3114912,
          0.95005065,
          0.01941349,
          0,
          0.9482109,
          0.3120956,
          -0.059096593,
          0,
          1.8668058,
          2.2300158,
          -0.21378307,
          1
        ]
      },
      {
        "date" : 795716340.042982,
        "title" : "Untitled",
        "transform" : [
          -0.8415086,
          -5.2349662e-09,
          -0.5402436,
          0,
          -0.068281695,
          0.9919805,
          0.10635883,
          0,
          0.5359111,
          0.12639067,
          -0.83476025,
          0,
          1.141874,
          1.8339801,
          -1.9586422,
          1
        ]
      },
      {
        "date" : 795716313.308188,
        "title" : "Untitled",
        "transform" : [
          0.025855023,
          -1.29066e-09,
          -0.99966556,
          0,
          -0.9982742,
          0.05274255,
          -0.025819022,
          0,
          0.05272488,
          0.99860793,
          0.0013635511,
          0,
          -0.42464522,
          2.9053183,
          -0.41624925,
          1
        ]
      },
      {
        "date" : 795701447.66054,
        "title" : "Untitled",
        "transform" : [
          -0.74636006,
          -2.3765665e-09,
          -0.6655423,
          0,
          -0.1903883,
          0.95821023,
          0.21350744,
          0,
          0.63772935,
          0.2860649,
          -0.7151699,
          0,
          1.3123015,
          2.1223848,
          -1.6769865,
          1
        ]
      }
    ],
    "3A9FC6DD-D482-4FA7-B8A6-49B46A651051" : [
      {
        "date" : 796647614.509344,
        "title" : "Untitled",
        "transform" : [
          0.6625582,
          6.664262e-09,
          0.74901044,
          0,
          0.07420062,
          0.9950811,
          -0.065636255,
          0,
          -0.7453261,
          0.09906486,
          0.6592991,
          0,
          -1.9276367,
          0.2562115,
          1.7051451,
          1
        ]
      }
    ],
    "4C2EC8C5-CAB7-40A8-BC93-21A4FE1FEAAB" : [
      {
        "date" : 797271355.013914,
        "title" : "Untitled",
        "transform" : [
          1,
          0,
          0,
          0,
          0,
          0.7071069,
          -0.70710677,
          0,
          0,
          0.70710677,
          0.7071069,
          0,
          0,
          0.42288804,
          0.42288804,
          1
        ]
      }
    ],
    "4DA13DEC-5CB4-405A-B34E-DB7AE5C35BC3" : [
      {
        "date" : 800959492.380398,
        "title" : "Untitled",
        "transform" : [
          0.9939641,
          -3.0310927e-09,
          -0.10970559,
          0,
          -0.06707636,
          0.791305,
          -0.6077311,
          0,
          0.0868106,
          0.6114216,
          0.7865289,
          0,
          0.086306676,
          0.6147702,
          0.2266329,
          1
        ]
      },
      {
        "date" : 800959457.11065,
        "title" : "Untitled",
        "transform" : [
          0.9958011,
          -3.0311917e-09,
          -0.091543056,
          0,
          -0.05700569,
          0.7824447,
          -0.62010527,
          0,
          0.071627386,
          0.62271994,
          0.7791593,
          0,
          0.07104031,
          0.62613046,
          0.21922308,
          1
        ]
      },
      {
        "date" : 800959453.927243,
        "title" : "Untitled",
        "transform" : [
          0.97672284,
          -3.2431338e-09,
          -0.21450515,
          0,
          -0.12464804,
          0.81383514,
          -0.56756955,
          0,
          0.17457184,
          0.58109576,
          0.79489136,
          0,
          0.17454858,
          0.5842783,
          0.23504132,
          1
        ]
      },
      {
        "date" : 800959413.576483,
        "title" : "Untitled",
        "transform" : [
          0.9957981,
          -4.1489074e-09,
          -0.091575764,
          0,
          -0.060243938,
          0.75314105,
          -0.65509474,
          0,
          0.06896947,
          0.65785897,
          0.74997646,
          0,
          0.06836784,
          0.6614619,
          0.18988043,
          1
        ]
      },
      {
        "date" : 800959406.241072,
        "title" : "Untitled",
        "transform" : [
          0.99892825,
          2.2141122e-10,
          -0.046284623,
          0,
          -0.03742246,
          0.58845633,
          -0.80766255,
          0,
          0.027236482,
          0.8085291,
          0.5878257,
          0,
          0.0704417,
          2.0910985,
          1.5202935,
          1
        ]
      }
    ],
    "531B2421-1ACD-417D-A249-946D46B0111D" : [
      {
        "date" : 800965535.562377,
        "title" : "Untitled",
        "transform" : [
          0.6892642,
          1.1779309e-05,
          0.7245102,
          0,
          0.66806144,
          0.38697216,
          -0.63556784,
          0,
          -0.28037277,
          0.9220914,
          0.26671818,
          0,
          -0.17832753,
          0.12414138,
          -0.0074469387,
          1
        ]
      }
    ],
    "6940729E-D6EF-468D-B1C4-99EDA2F0E0B8" : [
      {
        "date" : 797260357.355312,
        "title" : "Untitled",
        "transform" : [
          0.99886686,
          -2.20023e-10,
          -0.047590088,
          0,
          -0.0178248,
          0.9272073,
          -0.37412417,
          0,
          0.044125877,
          0.37454855,
          0.92615664,
          0,
          0.16254902,
          0.5403995,
          1.6017534,
          1
        ]
      },
      {
        "date" : 797252741.742261,
        "title" : "Untitled",
        "transform" : [
          0.9999713,
          -1.0884592e-10,
          0.0075710514,
          0,
          0.0020554436,
          0.96244204,
          -0.2714794,
          0,
          -0.007286698,
          0.27148718,
          0.96241444,
          0,
          0.087366804,
          0.38950747,
          1.6593765,
          1
        ]
      },
      {
        "date" : 797245748.446546,
        "title" : "Untitled",
        "transform" : [
          0.997912,
          -5.479551e-05,
          0.06458948,
          0,
          0.031855874,
          0.8703303,
          -0.49143723,
          0,
          -0.056187242,
          0.49246857,
          0.8685147,
          0,
          0.028032765,
          0.3750714,
          1.3017497,
          1
        ]
      },
      {
        "date" : 797245735.945533,
        "title" : "Untitled",
        "transform" : [
          0.99933684,
          -5.479615e-05,
          0.03641461,
          0,
          0.024365196,
          0.74417394,
          -0.6675414,
          0,
          -0.027062224,
          0.667986,
          0.7436818,
          0,
          0.05992447,
          0.57653856,
          1.1889002,
          1
        ]
      },
      {
        "date" : 796838219.244358,
        "title" : "Untitled",
        "transform" : [
          0.9922182,
          -5.4796077e-05,
          -0.12451137,
          0,
          -0.085998505,
          0.7228513,
          -0.6856313,
          0,
          0.09004078,
          0.6910037,
          0.7172215,
          0,
          0.24771409,
          0.61346024,
          1.1453278,
          1
        ]
      },
      {
        "date" : 796838146.400729,
        "title" : "Untitled",
        "transform" : [
          0.9944755,
          -5.4794946e-05,
          -0.104968876,
          0,
          -0.047343917,
          0.89227545,
          -0.4490022,
          0,
          0.09368576,
          0.45149136,
          0.8873435,
          0,
          0.24457307,
          0.32030237,
          1.287737,
          1
        ]
      },
      {
        "date" : 796838142.251816,
        "title" : "Untitled",
        "transform" : [
          0.90836537,
          -3.0346472e-09,
          -0.41817752,
          0,
          -0.14428973,
          0.9385864,
          -0.31342617,
          0,
          0.39249572,
          0.34504426,
          0.85257936,
          0,
          0.40237105,
          0.3265851,
          1.2106326,
          1
        ]
      },
      {
        "date" : 796837953.936141,
        "title" : "Untitled",
        "transform" : [
          0.99679077,
          -1.3186909e-09,
          -0.0800518,
          0,
          -0.04732759,
          0.8065161,
          -0.5893147,
          0,
          0.06456306,
          0.5912121,
          0.8039278,
          0,
          0.03674133,
          0.60176635,
          1.1598916,
          1
        ]
      },
      {
        "date" : 796837624.604424,
        "title" : "Untitled",
        "transform" : [
          0.9992997,
          -7.8716555e-10,
          -0.037418935,
          0,
          -0.015827311,
          0.9061408,
          -0.4226798,
          0,
          0.033906825,
          0.42297605,
          0.90550625,
          0,
          0.001589025,
          0.41320917,
          1.2602628,
          1
        ]
      },
      {
        "date" : 796665865.954965,
        "title" : "Untitled",
        "transform" : [
          0.99994105,
          -7.203619e-10,
          0.010857849,
          0,
          0.004264658,
          0.91963595,
          -0.39274853,
          0,
          -0.009985275,
          0.39277172,
          0.91958183,
          0,
          -0.059382826,
          0.3713239,
          1.2718487,
          1
        ]
      }
    ],
    "7C788533-E48A-4E51-BFB2-3EC86EFA6341" : [
      {
        "date" : 800959394.04178,
        "title" : "Untitled",
        "transform" : [
          0.62916774,
          -3.9325343e-09,
          -0.7772695,
          0,
          -0.19862777,
          0.966797,
          -0.16078103,
          0,
          0.75146186,
          0.25554553,
          0.60827744,
          0,
          1.3711911,
          1.925069,
          0.27806652,
          1
        ]
      },
      {
        "date" : 799252948.759588,
        "title" : "Untitled",
        "transform" : [
          0.9147097,
          -9.118337e-10,
          0.40411142,
          0,
          0.01534624,
          0.99927866,
          -0.034736346,
          0,
          -0.40381992,
          0.037975267,
          0.9140499,
          0,
          0.16912496,
          1.6527783,
          1.6693273,
          1
        ]
      },
      {
        "date" : 799252935.057636,
        "title" : "Untitled",
        "transform" : [
          -0.99999183,
          2.2873524e-08,
          0.0040676477,
          0,
          -0.0005227067,
          0.9917082,
          -0.12850876,
          0,
          -0.004033935,
          -0.12850982,
          -0.9917,
          0,
          0.010973379,
          -0.04105109,
          -0.34094065,
          1
        ]
      },
      {
        "date" : 797330126.81197,
        "title" : "Untitled",
        "transform" : [
          -0.81458753,
          2.298944e-08,
          0.5800407,
          0,
          0.38852444,
          0.742521,
          0.5456292,
          0,
          -0.43069237,
          0.66982275,
          -0.6048483,
          0,
          -0.12531805,
          0.21396762,
          -0.21736507,
          1
        ]
      },
      {
        "date" : 797270672.969737,
        "title" : "Untitled",
        "transform" : [
          -0.6922557,
          3.5969634e-08,
          0.7216524,
          0,
          0.4329711,
          0.8000212,
          0.4153339,
          0,
          -0.5773371,
          0.59997183,
          -0.5538192,
          0,
          -0.88489157,
          1.1005154,
          -1.1467599,
          1
        ]
      },
      {
        "date" : 797270668.935829,
        "title" : "Untitled",
        "transform" : [
          -0.8285644,
          -7.276177e-07,
          0.55989385,
          0,
          0.32534817,
          0.8138394,
          0.48147073,
          0,
          -0.455664,
          0.58109,
          -0.6743181,
          0,
          -0.09533044,
          0.27559373,
          -0.50245327,
          1
        ]
      },
      {
        "date" : 797270646.735132,
        "title" : "Untitled",
        "transform" : [
          -0.64400727,
          -3.0258072e-09,
          0.7650193,
          0,
          0.47879407,
          0.77993643,
          0.40305763,
          0,
          -0.5966664,
          0.6258587,
          -0.5022847,
          0,
          -0.6360235,
          0.74236256,
          -0.78297234,
          1
        ]
      },
      {
        "date" : 797270643.652567,
        "title" : "Untitled",
        "transform" : [
          -0.5397405,
          1.3511411e-08,
          0.8418314,
          0,
          0.5563106,
          0.7505324,
          0.35667872,
          0,
          -0.6318217,
          0.66083366,
          -0.40509272,
          0,
          -0.11759047,
          0.1986312,
          -0.34671438,
          1
        ]
      },
      {
        "date" : 797264034.004828,
        "title" : "Untitled",
        "transform" : [
          -0.6971031,
          5.237767e-09,
          0.71697086,
          0,
          0.2279432,
          0.9481158,
          0.22162676,
          0,
          -0.6797715,
          0.3179253,
          -0.6609344,
          0,
          -2.0699334,
          1.4327471,
          -1.6489513,
          1
        ]
      },
      {
        "date" : 797264028.304552,
        "title" : "Untitled",
        "transform" : [
          -0.54312164,
          3.8338883e-09,
          0.839654,
          0,
          0.19866899,
          0.97160524,
          0.12850703,
          0,
          -0.8158122,
          0.23660812,
          -0.5276997,
          0,
          -2.4466965,
          1.2049044,
          -1.2721275,
          1
        ]
      }
    ],
    "8310F8E8-92EB-4595-8541-00709ED21EA8" : [
      {
        "date" : 800965266.903082,
        "title" : "Untitled",
        "transform" : [
          0.9810498,
          5.0377573e-09,
          -0.1937557,
          0,
          -0.07903322,
          0.9130259,
          -0.40017173,
          0,
          0.17690392,
          0.40790153,
          0.89572394,
          0,
          0.054528743,
          0.18697174,
          0.32698497,
          1
        ]
      },
      {
        "date" : 795716781.273081,
        "title" : "Untitled",
        "transform" : [
          0.96169853,
          1.960132e-09,
          0.27410927,
          0,
          0.030555664,
          0.99376756,
          -0.10720287,
          0,
          -0.27240095,
          0.11147243,
          0.9557047,
          0,
          -0.11158154,
          0.07755459,
          0.35550788,
          1
        ]
      },
      {
        "date" : 795716766.940253,
        "title" : "Untitled",
        "transform" : [
          0.94176966,
          1.6393923e-09,
          -0.3362586,
          0,
          -0.10437336,
          0.9506073,
          -0.2923217,
          0,
          0.31964982,
          0.31039616,
          0.89525324,
          0,
          0.108087435,
          0.15137269,
          0.33204582,
          1
        ]
      },
      {
        "date" : 795711716.174538,
        "title" : "Untitled",
        "transform" : [
          0.9384996,
          2.1667967e-09,
          -0.34528038,
          0,
          -0.039394747,
          0.99346983,
          -0.10707815,
          0,
          0.3430255,
          0.114095025,
          0.932371,
          0,
          0.11928443,
          0.07853745,
          0.35278052,
          1
        ]
      },
      {
        "date" : 795711710.008904,
        "title" : "Untitled",
        "transform" : [
          0.9880779,
          1.2345026e-08,
          0.15395354,
          0,
          0.10237429,
          0.7468713,
          -0.65704083,
          0,
          -0.11498357,
          0.66496855,
          0.7379672,
          0,
          -0.036478072,
          0.2629461,
          0.26312417,
          1
        ]
      },
      {
        "date" : 795711692.724268,
        "title" : "Untitled",
        "transform" : [
          0.6961359,
          1.0563054e-08,
          0.71791,
          0,
          -0.00933272,
          0.9999155,
          0.009049678,
          0,
          -0.71784943,
          -0.012999916,
          0.69607705,
          0,
          -0.25304326,
          0.03404309,
          0.27413034,
          1
        ]
      },
      {
        "date" : 795708019.818681,
        "title" : "Untitled",
        "transform" : [
          0.33027655,
          7.738702e-09,
