{
  "advancedEditorSelectedIdentifier" : "ShaderGraphEditorPluginID",
  "openSceneRelativePaths" : [
    "MainScene.usda",
    "Geometry\/DriversAnimations\/driverEndExperience.usdc",
    "Assets\/Guide.usda",
    "Assets\/A_GuideLogo.usda",
    "Assets\/A_LogoAci.usda"
  ],
  "recentIdentifiers" : {
    "058D22B3-617F-4189-81FC-51C1EA8FE005" : [

    ],
    "10948EB2-7181-4F08-B42B-D4F341789D0E" : [

    ],
    "22B3903E-EA09-4FB7-9964-914EE02B46DA" : [

    ],
    "33B0A82C-0919-4BB8-8A5A-8A66C86F3D09" : [

    ],
    "38D92494-7364-43CA-999D-BCEA265F80E4" : [

    ],
    "395F1616-13A6-4521-B8AA-6AA62C5D67E2" : [

    ],
    "3E57A20D-4456-4500-BECD-0AC6C76C592B" : [

    ],
    "4DE52900-DCB1-496B-B540-28DEEF764910" : [

    ],
    "7C788533-E48A-4E51-BFB2-3EC86EFA6341" : [

    ],
    "A8088149-4158-4675-A5F3-0559D3435E9F" : [

    ],
    "ACF78856-1BA0-4137-970C-6F7C438EF201" : [

    ],
    "BA977B89-C329-4031-ACC9-5B612C8FD753" : [

    ]
  },
  "sceneCameraHistory" : {
    "058D22B3-617F-4189-81FC-51C1EA8FE005" : [
      {
        "date" : 797789917.620498,
        "title" : "Untitled",
        "transform" : [
          1,
          0,
          0,
          0,
          0,
          0.7071069,
          -0.7071067,
          0,
          0,
          0.7071067,
          0.7071069,
          0,
          0,
          6.099977,
          4.626174,
          1
        ]
      }
    ],
    "0CC94E73-DB7B-4941-873D-8A958A2B0051" : [
      {
        "date" : 797770578.508978,
        "title" : "Untitled",
        "transform" : [
          0.9971007,
          3.4178282e-10,
          0.07609223,
          0,
          0.0041883145,
          0.998484,
          -0.054883037,
          0,
          -0.07597686,
          0.05504258,
          0.9955891,
          0,
          -0.038672764,
          0.028017094,
          0.506762,
          1
        ]
      }
    ],
    "10948EB2-7181-4F08-B42B-D4F341789D0E" : [
      {
        "date" : 797850935.130182,
        "title" : "Untitled",
        "transform" : [
          0.99970454,
          -6.025072e-10,
          0.024309019,
          0,
          0.01221642,
          0.86454993,
          -0.5023984,
          0,
          -0.021016357,
          0.50254685,
          0.86429447,
          0,
          0.18913174,
          7.8618073,
          11.373648,
          1
        ]
      },
      {
        "date" : 797850932.647741,
        "title" : "Untitled",
        "transform" : [
          0.9997044,
          -6.0250716e-10,
          0.024309015,
          0,
          0.01221642,
          0.86454993,
          -0.5023984,
          0,
          -0.021016357,
          0.50254685,
          0.86429447,
          0,
          -0.040811073,
          2.591549,
          1.678349,
          1
        ]
      },
      {
        "date" : 797850922.448871,
        "title" : "Untitled",
        "transform" : [
          1,
          0,
          -0,
          0,
          -0,
          0.7071069,
          -0.7071067,
          0,
          0,
          0.7071067,
          0.7071069,
          0,
          0,
          1.6039021,
          0.10390219,
          1
        ]
      },
      {
        "date" : 797850907.378612,
        "title" : "Untitled",
        "transform" : [
          1,
          0,
          -0,
          0,
          -0,
          0.7071069,
          -0.7071067,
          0,
          0,
          0.7071067,
          0.7071069,
          0,
          0,
          1.6039021,
          0.1039021,
          1
        ]
      }
    ],
    "22B3903E-EA09-4FB7-9964-914EE02B46DA" : [
      {
        "date" : 797790027.505676,
        "title" : "Untitled",
        "transform" : [
          1,
          0,
          0,
          0,
          0,
          0.7071069,
          -0.70710677,
          0,
          0,
          0.70710677,
          0.7071069,
          0,
          0,
          11.063337,
          11.063337,
          1
        ]
      }
    ],
    "33B0A82C-0919-4BB8-8A5A-8A66C86F3D09" : [
      {
        "date" : 799773634.1906,
        "title" : "Untitled",
        "transform" : [
          1,
          0,
          0,
          0,
          0,
          1,
          0,
          0,
          0,
          0,
          1,
          0,
          0.11276391,
          2.0309181,
          2,
          1
        ]
      },
      {
        "date" : 799773613.326666,
        "title" : "Untitled",
        "transform" : [
          0.46575427,
          3.814117e-09,
          0.8849141,
          0,
          0.6270767,
          0.7055803,
          -0.33004746,
          0,
          -0.62437785,
          0.70863,
          0.32862705,
          0,
          -1.6107228,
          3.1689997,
          -0.05111122,
          1
        ]
      },
      {
        "date" : 797780526.497268,
        "title" : "Untitled",
        "transform" : [
          0.46575427,
          3.814117e-09,
          0.8849141,
          0,
          0.6270767,
          0.7055803,
          -0.33004746,
          0,
          -0.62437785,
          0.70863,
          0.32862705,
          0,
          -1.3712028,
          3.5317755,
          -0.37829894,
          1
        ]
      },
      {
        "date" : 797780523.874379,
        "title" : "Untitled",
        "transform" : [
          0.5033466,
          4.1307473e-09,
          0.8640846,
          0,
          0.37297255,
          0.9020465,
          -0.217264,
          0,
          -0.77944446,
          0.43163893,
          0.45404205,
          0,
          -2.080603,
          2.8499227,
          0.11199272,
          1
        ]
      },
      {
        "date" : 797780513.153811,
        "title" : "Untitled",
        "transform" : [
          -0.100016735,
          -1.689628e-09,
          0.9949858,
          0,
          0.9943797,
          0.03489955,
          0.09995583,
          0,
          -0.03472458,
          0.9993909,
          -0.0034905442,
          0,
          -0.5853717,
          4.7583795,
          -0.53055406,
          1
        ]
      },
      {
        "date" : 797780510.766723,
        "title" : "Untitled",
        "transform" : [
          -0.100016735,
          -1.689628e-09,
          0.9949858,
          0,
          0.9943797,
          0.03489955,
          0.09995583,
          0,
          -0.03472458,
          0.9993909,
          -0.0034905442,
          0,
          -0.58587176,
          4.7583795,
          -0.52557915,
          1
        ]
      },
      {
        "date" : 797780507.213528,
        "title" : "Untitled",
        "transform" : [
          -0.100016735,
          -1.689628e-09,
          0.9949858,
          0,
          0.9943797,
          0.03489955,
          0.09995583,
          0,
          -0.03472458,
          0.9993909,
          -0.0034905442,
          0,
          -0.13555327,
          4.771991,
          -1.1084627,
          1
        ]
      },
      {
        "date" : 797780504.261176,
        "title" : "Untitled",
        "transform" : [
          -0.10001681,
          5.3923806e-08,
          0.99498576,
          0,
          0.99437964,
          0.03489964,
          0.09995587,
          0,
          -0.034724638,
          0.99939084,
          -0.0034905744,
          0,
          -0.13609502,
          4.784127,
          -1.0398332,
          1
        ]
      },
      {
        "date" : 797780496.133901,
        "title" : "Untitled",
        "transform" : [
          -0.10001676,
          -1.0771419e-08,
          0.9949857,
          0,
          0.9943796,
          0.03489961,
          0.09995581,
          0,
          -0.034724582,
          0.99939084,
          -0.0034905213,
          0,
          -0.10410426,
          2.3395808,
          -1.160505,
          1
        ]
      },
      {
        "date" : 797780493.980353,
        "title" : "Untitled",
        "transform" : [
          -0.10001676,
          -1.0771419e-08,
          0.9949857,
          0,
          0.9943796,
          0.03489961,
          0.09995581,
          0,
          -0.034724582,
          0.99939084,
          -0.0034905213,
          0,
          -0.04461512,
          2.3427222,
          -0.8530132,
          1
        ]
      }
    ],
    "38D92494-7364-43CA-999D-BCEA265F80E4" : [
      {
        "date" : 797790463.264477,
        "title" : "Untitled",
        "transform" : [
          -0.6240999,
          5.287289e-09,
          0.7813445,
          0,
          0.3250932,
          0.9093331,
          0.25966856,
          0,
          -0.7105025,
          0.41606888,
          -0.5675147,
          0,
          -2.0116525,
          2.7954192,
          -2.745105,
          1
        ]
      },
      {
        "date" : 797790369.458511,
        "title" : "Untitled",
        "transform" : [
          -0.3641866,
          5.7185328e-09,
          0.931326,
          0,
          0.42462638,
          0.89001185,
          0.16604628,
          0,
          -0.8288912,
          0.4559374,
          -0.3241304,
          0,
          -2.8070648,
          3.063282,
          -1.1098894,
          1
        ]
      },
      {
        "date" : 797790245.501252,
        "title" : "Untitled",
        "transform" : [
          -0.6334975,
          1.0694998e-08,
          0.7737449,
          0,
          0.21621837,
          0.960162,
          0.17702703,
          0,
          -0.74292046,
          0.279444,
          -0.6082602,
          0,
          -2.447091,
          2.4727554,
          -2.0182354,
          1
        ]
      },
      {
        "date" : 797790238.384603,
        "title" : "Untitled",
        "transform" : [
          0.33767954,
          1.7925469e-08,
          0.94126123,
          0,
          0.5179094,
          0.83501357,
          -0.18580116,
          0,
          -0.7859659,
          0.5502293,
          0.281967,
          0,
          -2.715288,
          3.3857367,
          0.96203244,
          1
        ]
      },
      {
        "date" : 797790224.267064,
        "title" : "Untitled",
        "transform" : [
          0.9186001,
          1.41153365e-08,
          0.3951886,
          0,
          0.29690388,
          0.65996456,
          -0.6901412,
          0,
          -0.2608105,
          0.75129676,
          0.6062435,
          0,
          -2.4194262,
          12.905202,
          5.531619,
          1
        ]
      },
      {
        "date" : 797790084.876518,
        "title" : "Untitled",
        "transform" : [
          0.9999629,
          2.2106944e-10,
          0.0086133685,
          0,
          0.0025230984,
          0.95613444,
          -0.29291734,
          0,
          -0.008235537,
          0.29292822,
          0.95609903,
          0,
          -0.13906975,
          7.813714,
          11.913153,
          1
        ]
      },
      {
        "date" : 795798380.395294,
        "title" : "Untitled",
        "transform" : [
          0.4354913,
          -7.286624e-08,
          0.900193,
          0,
          0.64751965,
          0.6946872,
          -0.31325406,
          0,
          -0.6253525,
          0.719312,
          0.30253026,
          0,
          -5.152046,
          5.457631,
          2.1863089,
          1
        ]
      },
      {
        "date" : 795721402.342718,
        "title" : "Untitled",
        "transform" : [
          0.4354912,
          -3.8685597e-09,
          0.9001929,
          0,
          0.64751965,
          0.6946872,
          -0.3132541,
          0,
          -0.62535244,
          0.7193121,
          0.3025302,
          0,
          -2.8198366,
          3.2865343,
          1.1244245,
          1
        ]
      }
    ],
    "3E57A20D-4456-4500-BECD-0AC6C76C592B" : [
      {
        "date" : 797784464.149755,
        "title" : "Untitled",
        "transform" : [
          1,
          0,
          0,
          0,
          0,
          1,
          0,
          0,
          0,
          0,
          1,
          0,
          0.0144695025,
          0.3985527,
          1.0805926,
          1
        ]
      },
      {
        "date" : 797784459.505845,
        "title" : "Untitled",
        "transform" : [
          0.96323216,
          -6.1562844e-09,
          -0.26867068,
          0,
          0.06722277,
          0.96819293,
          0.24100554,
          0,
          0.26012504,
          -0.25020507,
          0.9325945,
          0,
          0.67276144,
          -0.6471052,
          2.411969,
          1
        ]
      }
    ],
    "42FECEF0-7337-4EE5-8C5E-E14911AB46E1" : [
      {
        "date" : 801504055.586169,
        "title" : "Untitled",
        "transform" : [
          0.97303283,
          -3.2735343e-09,
          -0.23066664,
          0,
          0.06087778,
          0.96454436,
          0.25680387,
          0,
          0.22248818,
          -0.26392105,
          0.9385332,
          0,
          0.1382036,
          -0.1639405,
          0.5829913,
          1
        ]
      },
      {
        "date" : 801503956.423827,
        "title" : "Untitled",
        "transform" : [
          0.94208515,
          -3.551067e-09,
          -0.3353738,
          0,
          0.07528052,
          0.97448164,
          0.2114675,
          0,
          0.32681558,
          -0.2244675,
          0.91804457,
          0,
          0.20300896,
          -0.13943303,
          0.57026434,
          1
        ]
      },
      {
        "date" : 801503952.062509,
        "title" : "Untitled",
        "transform" : [
          0.114005975,
          1.5527499e-09,
          -0.9934801,
          0,
          -0.45655277,
          0.8881525,
          -0.05239133,
          0,
          0.8823618,
          0.45954898,
          0.10125469,
          0,
          0.5480991,
          0.28545937,
          0.062896654,
          1
        ]
      },
      {
        "date" : 801503890.387983,
        "title" : "Untitled",
        "transform" : [
          0.9928844,
          -1.1421513e-09,
          -0.11908224,
          0,
          0.0010293241,
          0.9999627,
          0.008582305,
          0,
          0.1190778,
          -0.00864383,
          0.9928474,
          0,
          0.07396788,
          -0.005369273,
          0.61672974,
          1
        ]
      },
      {
        "date" : 801503887.821528,
        "title" : "Untitled",
        "transform" : [
          0.9928844,
          -1.1421513e-09,
          -0.11908224,
          0,
          0.0010293241,
          0.9999627,
          0.008582305,
          0,
          0.1190778,
          -0.00864383,
          0.9928474,
          0,
          0.06643769,
          -0.004822662,
          0.55394447,
          1
        ]
      }
    ],
    "4F63F6FB-799E-4817-9D56-19E909348A4B" : [
      {
        "date" : 797770322.85134,
        "title" : "Untitled",
        "transform" : [
          0.091832526,
          8.0921336e-10,
          -0.9957745,
          0,
          0.00899616,
          0.99995923,
          0.0008296393,
          0,
          0.99573386,
          -0.009034376,
          0.09182878,
          0,
          0.37260437,
          -0.010196208,
          0.04461654,
          1
        ]
      },
      {
        "date" : 797770288.568858,
        "title" : "Untitled",
        "transform" : [
          0.9731265,
          2.017952e-09,
          0.23027141,
          0,
          0.033094183,
          0.9896187,
          -0.13985592,
          0,
          -0.2278809,
          0.1437181,
          0.96302414,
          0,
          -0.09566349,
          0.04718751,
          0.35993117,
          1
        ]
      },
      {
        "date" : 795805501.505384,
        "title" : "Untitled",
        "transform" : [
          1,
          0,
          0,
          0,
          0,
          0.7071069,
          -0.70710677,
          0,
          0,
          0.70710677,
          0.7071069,
          0,
          -0.030014263,
          0.7657183,
          0.79401433,
          1
        ]
      }
    ],
    "6940729E-D6EF-468D-B1C4-99EDA2F0E0B8" : [
      {
        "date" : 795798191.689971,
        "title" : "Untitled",
        "transform" : [
          0.98607594,
          5.5572196e-09,
          0.16629599,
          0,
          0.13497266,
          0.5841565,
          -0.8003397,
          0,
          -0.09714283,
          0.8116411,
          0.57602257,
          0,
          0.16493827,
          0.18985787,
          0.53577036,
          1
        ]
      },
      {
        "date" : 795798154.459411,
        "title" : "Untitled",
        "transform" : [
          0.9848963,
          3.033819e-09,
          0.17314543,
          0,
          0.11424099,
          0.7514431,
          -0.64983255,
          0,
          -0.13010888,
          0.65979797,
          0.7400934,
          0,
          0.06430987,
          0.16711706,
          0.786755,
          1
        ]
      },
      {
        "date" : 795798152.375861,
        "title" : "Untitled",
        "transform" : [
          0.9848963,
          3.033819e-09,
          0.17314543,
          0,
          0.11424099,
          0.7514431,
          -0.64983255,
          0,
          -0.13010888,
          0.65979797,
          0.7400934,
          0,
          0.041172978,
          0.106993005,
          0.5037025,
          1
        ]
      },
      {
        "date" : 795775216.254852,
        "title" : "Untitled",
        "transform" : [
          0.9848962,
          3.0338185e-09,
          0.17314541,
          0,
          0.114240974,
          0.75144297,
          -0.6498325,
          0,
          -0.13010888,
          0.65979797,
          0.7400934,
          0,
          -0.06714102,
          0.37996522,
          0.6307809,
          1
        ]
      },
      {
        "date" : 795775105.62194,
        "title" : "Untitled",
        "transform" : [
          0.9669174,
          1.7993469e-09,
          0.25508955,
          0,
          0.15354133,
          0.7985627,
          -0.58199877,
          0,
          -0.20370498,
          0.60191154,
          0.77214426,
          0,
          -0.12655619,
          0.33170173,
          0.64863205,
          1
        ]
      }
    ],
    "7C788533-E48A-4E51-BFB2-3EC86EFA6341" : [
      {
        "date" : 797786327.3888,
        "title" : "Untitled",
        "transform" : [
          0.99772316,
          -1.6651112e-09,
          -0.067443065,
          0,
          -0.0010040347,
          0.9998892,
          -0.014853308,
          0,
          0.067435615,
          0.014887194,
          0.99761266,
          0,
          -0.16304803,
          4.722466,
          10.738175,
          1
        ]
      },
      {
        "date" : 797786118.764151,
        "title" : "Untitled",
        "transform" : [
          0.9933426,
          -5.7506524e-09,
          0.11519698,
          0,
          0.084561676,
          0.679083,
          -0.7291746,
          0,
          -0.0782283,
          0.73406154,
          0.67456216,
          0,
          -0.9164131,
          8.712752,
          6.6592155,
          1
        ]
      },
      {
        "date" : 797786109.747227,
        "title" : "Untitled",
        "transform" : [
          0.99757886,
          -5.7506524e-09,
          0.06954446,
          0,
          0.05104991,
          0.679083,
          -0.73228425,
          0,
          -0.04722645,
          0.73406154,
          0.67743886,
          0,
          2.9987411,
          1.4709505,
          -3.96403,
          1
        ]
      },
      {
        "date" : 797786106.212089,
        "title" : "Untitled",
        "transform" : [
          0.99757886,
          -5.7506524e-09,
          0.06954446,
          0,
          0.05104991,
          0.679083,
          -0.73228425,
          0,
          -0.04722645,
          0.73406154,
          0.67743886,
          0,
          2.9987419,
          1.4709501,
          -3.9640312,
          1
        ]
      },
      {
        "date" : 797786094.859882,
        "title" : "Untitled",
        "transform" : [
          0.9975789,
          -4.3017376e-09,
          0.06954446,
          0,
          0.0510499,
          0.67908305,
          -0.7322843,
          0,
          -0.04722643,
          0.7340615,
          0.67743886,
          0,
          0.4055887,
          11.307585,
          5.302497,
          1
        ]
      },
      {
        "date" : 797785890.031417,
        "title" : "Untitled",
        "transform" : [
          0.9996028,
          -4.269836e-09,
          -0.028183594,
          0,
          -0.020763734,
          0.67618597,
          -0.7364384,
          0,
          0.01905737,
          0.736731,
          0.67591727,
          0,
          0.92008877,
          11.328224,
          5.192997,
          1
        ]
      },
      {
        "date" : 797785842.531236,
        "title" : "Untitled",
        "transform" : [
          1,
          0,
          0,
          0,
          0,
          1,
          0,
          0,
          0,
          0,
          1,
          0,
          0.7733657,
          4.286089,
          10.805166,
          1
        ]
      },
      {
        "date" : 797785837.464601,
        "title" : "Untitled",
        "transform" : [
          1,
          0,
          0,
          0,
          0,
          1,
          0,
          0,
          0,
          0,
          1,
          0,
          0,
          4.7274795,
          5.9093494,
          1
        ]
      },
      {
        "date" : 795947828.315978,
        "title" : "Untitled",
        "transform" : [
          1,
          0,
          0,
          0,
          0,
          0.7071069,
          -0.70710677,
          0,
          0,
          0.70710677,
          0.7071069,
          0,
          0.015724845,
          1.6134219,
          -1.5215462,
          1
        ]
      },
      {
        "date" : 795947823.800892,
        "title" : "Untitled",
        "transform" : [
          1,
          0,
          0,
          0,
          0,
          0.7071069,
          -0.70710677,
          0,
          0,
          0.70710677,
          0.7071069,
          0,
          0.07515739,
          1.6087523,
          -1.5168766,
          1
        ]
      }
    ],
    "BA977B89-C329-4031-ACC9-5B612C8FD753" : [
      {
        "date" : 801503809.733616,
        "title" : "Untitled",
        "transform" : [
          0.9830284,
          7.44477e-09,
          0.1834537,
          0,
          0.11729115,
          0.76891565,
          -0.6284994,
          0,
          -0.1410604,
          0.63935024,
          0.75586593,
          0,
          -0.11083882,
          0.50237226,
          0.5939248,
          1
        ]
      },
      {
        "date" : 799842541.718014,
        "title" : "Untitled",
        "transform" : [
          1,
          0,
          0,
          0,
          0,
          0.7071069,
          -0.70710677,
          0,
          0,
          0.70710677,
          0.7071069,
          0,
          0,
          1.01904,
          1.0190401,
          1
        ]
      }
    ],
    "FA699619-2E2C-46F7-BED5-335EA56DD0ED" : [
      {
        "date" : 795947691.709788,
        "title" : "Untitled",
        "transform" : [
          0.9999841,
          0,
          -0.0056457217,
          0,
          -0.003992128,
          0.7071069,
          -0.7070955,
          0,
          0.0039921287,
          0.70710677,
          0.7070956,
          0,
          0.17676196,
          0.4618426,
          0.51148885,
          1
        ]
      },
      {
        "date" : 795947686.476043,
        "title" : "Untitled",
        "transform" : [
          0.9999841,
          0,
          -0.0056457217,
          0,
          -0.003992128,
          0.7071069,
          -0.7070955,
          0,
          0.0039921287,
          0.70710677,
          0.7070956,
          0,
          -0.28984484,
          0.75278413,
          0.57845545,
          1
        ]
      },
      {
        "date" : 795798002.316536,
        "title" : "Untitled",
        "transform" : [
          1,
          0,
          0,
          0,
          0,
          0.7071069,
          -0.70710677,
          0,
          0,
          0.70710677,
          0.7071069,
          0,
          0,
          0.44641373,
          0.4464138,
          1
        ]
      }
    ]
  },
  "sceneViewportBackgroundColors" : {

  },
  "selectedSceneRelativePath" : "MainScene.usda"
}