{
  "advancedEditorSelectedIdentifier" : "ProjectBrowser",
  "openSceneRelativePaths" : [
    "BulkImport\/A_DeltaIntegrale.usda"
  ],
  "recentIdentifiers" : {
    "D1579320-7308-48FF-B443-3641E0EBE3A0" : [

    ],
    "DAB88749-3752-43EF-991A-75C1B4FBD855" : [

    ],
    "DCBFA090-DB2F-4F9F-A26B-77334468CDF8" : [

    ],
    "DDC0CDC4-E92B-40D8-8478-712F616FD78D" : [

    ],
    "F23D5B05-0BD8-4B49-A86F-527F61967D6F" : [

    ],
    "F9437CB6-CC1E-47DC-99BF-2CB0C5F8B64B" : [

    ]
  },
  "sceneCameraHistory" : {
    "4504198A-D8B1-40AA-AB2F-8708E9FE47A8" : [
      {
        "date" : 795694155.527182,
        "title" : "Untitled",
        "transform" : [
          0.5881349,
          1.5481048e-09,
          0.80876285,
          0,
          0.4752125,
          0.80916655,
          -0.34557602,
          0,
          -0.65442383,
          0.5875795,
          0.47589907,
          0,
          -1.6925362,
          1.5196569,
          1.2308177,
          1
        ]
      }
    ],
    "B2A5BF99-FABF-4099-BBFA-C93B799A935D" : [
      {
        "date" : 796728820.525864,
        "title" : "Untitled",
        "transform" : [
          -0.88248086,
          -6.137477e-10,
          0.47034815,
          0,
          0.21489404,
          0.8895268,
          0.4031904,
          0,
          -0.41838738,
          0.45688286,
          -0.7849903,
          0,
          -1.5642593,
          1.7081858,
          -2.9349082,
          1
        ]
      },
      {
        "date" : 796728781.814354,
        "title" : "Untitled",
        "transform" : [
          0.4204414,
          -2.9363179e-12,
          0.90731966,
          0,
          0.45406574,
          0.86576706,
          -0.21040882,
          0,
          -0.7855274,
          0.5004474,
          0.36400434,
          0,
          -2.936916,
          1.871064,
          1.3609328,
          1
        ]
      }
    ],
    "D1579320-7308-48FF-B443-3641E0EBE3A0" : [
      {
        "date" : 796838948.631266,
        "title" : "Untitled",
        "transform" : [
          0.94282526,
          -1.4819287e-08,
          0.33328778,
          0,
          0.26818135,
          0.5937438,
          -0.7586482,
          0,
          -0.19788751,
          0.8046542,
          0.5597967,
          0,
          0.0109717855,
          0.16310205,
          0.2607147,
          1
        ]
      },
      {
        "date" : 796838701.289379,
        "title" : "Untitled",
        "transform" : [
          0.88582087,
          -1.3512704e-08,
          0.46402752,
          0,
          0.32464,
          0.7145213,
          -0.6197324,
          0,
          -0.3315575,
          0.69961375,
          0.63293785,
          0,
          -0.036866024,
          0.12237708,
          0.27992776,
          1
        ]
      }
    ],
    "D9C348ED-F069-424C-9407-8DAC4AEB877F" : [
      {
        "date" : 796060408.813189,
        "title" : "Untitled",
        "transform" : [
          0.86345214,
          5.180137e-09,
          0.5044309,
          0,
          0.07618105,
          0.98853016,
          -0.13040179,
          0,
          -0.49864513,
          0.15102378,
          0.8535484,
          0,
          -0.6302701,
          0.40868527,
          1.0556464,
          1
        ]
      }
    ],
    "DDC0CDC4-E92B-40D8-8478-712F616FD78D" : [
      {
        "date" : 797271990.366253,
        "title" : "Untitled",
        "transform" : [
          -0.95510113,
          -1.0671691e-08,
          -0.29628,
          0,
          -0.19057338,
          0.76568097,
          0.61434066,
          0,
          0.22685593,
          0.64322054,
          -0.73130274,
          0,
          0.020578723,
          0.14217807,
          -0.67844284,
          1
        ]
      },
      {
        "date" : 796833070.756578,
        "title" : "Untitled",
        "transform" : [
          -0.9072784,
          2.8327758e-08,
          -0.42053044,
          0,
          -0.14191218,
          0.94133997,
          0.30617005,
          0,
          0.39586207,
          0.3374599,
          -0.8540574,
          0,
          0.46765304,
          1.433574,
          -2.5831723,
          1
        ]
      },
      {
        "date" : 796833058.873538,
        "title" : "Untitled",
        "transform" : [
          -0.74378794,
          2.1333285e-08,
          -0.66841567,
          0,
          -0.104470715,
          0.9877103,
          0.11625107,
          0,
          0.660201,
          0.15629601,
          -0.734647,
          0,
          0.8219124,
          1.1976125,
          -2.4427514,
          1
        ]
      },
      {
        "date" : 796833055.058069,
        "title" : "Untitled",
        "transform" : [
          -0.38128236,
          1.0664504e-08,
          -0.9244585,
          0,
          -0.9238954,
          0.034899686,
          0.3810501,
          0,
          0.0322633,
          0.9993907,
          -0.013306644,
          0,
          -0.06300833,
          2.2208962,
          -1.480524,
          1
        ]
      },
      {
        "date" : 796833021.387235,
        "title" : "Untitled",
        "transform" : [
          -0.43029952,
          -5.538126e-09,
          -0.9026861,
          0,
          -0.33628216,
          0.9280182,
          0.16030163,
          0,
          0.8377092,
          0.37253496,
          -0.39932582,
          0,
          1.0508436,
          1.4771838,
          -2.0087984,
          1
        ]
      },
      {
        "date" : 796728843.239547,
        "title" : "Untitled",
        "transform" : [
          -0.9642494,
          3.838207e-09,
          -0.26499647,
          0,
          -0.05252965,
          0.98015606,
          0.191141,
          0,
          0.25973788,
          0.19822775,
          -0.94511485,
          0,
          0.052509874,
          0.60538334,
          -2.5067847,
          1
        ]
      },
      {
        "date" : 796728837.329915,
        "title" : "Untitled",
        "transform" : [
          -0.6083393,
          -7.47491e-09,
          0.79367715,
          0,
          0.40582684,
          0.8593876,
          0.311059,
          0,
          -0.6820762,
          0.5113248,
          -0.5227992,
          0,
          -0.5583332,
          1.3904831,
          -2.129526,
          1
        ]
      },
      {
        "date" : 796728142.906117,
        "title" : "Untitled",
        "transform" : [
          -0.9664976,
          -3.4457213e-09,
          0.25667593,
          0,
          0.057800658,
          0.9743151,
          0.21764483,
          0,
          -0.25008327,
          0.22518921,
          -0.9416731,
          0,
          -0.85866004,
          0.9055115,
          -2.5365229,
          1
        ]
      },
      {
        "date" : 796728135.272742,
        "title" : "Untitled",
        "transform" : [
          -0.97761387,
          -2.9266307e-09,
          0.21040769,
          0,
          0.030873269,
          0.9891765,
          0.14344595,
          0,
          -0.20813036,
          0.1467307,
          -0.9670325,
          0,
          -0.75043154,
          0.68943053,
          -2.6368039,
          1
        ]
      },
      {
        "date" : 796728130.204516,
        "title" : "Untitled",
        "transform" : [
          -0.98319495,
          -2.9640501e-09,
          0.18255903,
          0,
          0.020227939,
          0.9938425,
          0.10894015,
          0,
          -0.18143493,
          0.110802196,
          -0.97714084,
          0,
          -0.67947626,
          0.5898803,
          -2.6798413,
          1
        ]
      }
    ],
    "F23D5B05-0BD8-4B49-A86F-527F61967D6F" : [
      {
        "date" : 796727715.2786,
        "title" : "Untitled",
        "transform" : [
          0.981483,
          -5.209877e-10,
          0.19154929,
          0,
          0.13212115,
          0.7240477,
          -0.67697793,
          0,
          -0.13869077,
          0.68974996,
          0.7106405,
          0,
          -0.358696,
          1.7839003,
          1.8379297,
          1
        ]
      },
      {
        "date" : 794339330.999872,
        "title" : "Untitled",
        "transform" : [
          0.90645015,
          1.8111104e-09,
          -0.4223128,
          0,
          -0.23501036,
          0.8308583,
          -0.50442517,
          0,
          0.35088208,
          0.5564842,
          0.7531316,
          0,
          0.9074863,
          1.439235,
          1.9478242,
          1
        ]
      }
    ],
    "F9437CB6-CC1E-47DC-99BF-2CB0C5F8B64B" : [
      {
        "date" : 794419068.49543,
        "title" : "Untitled",
        "transform" : [
          0.02462349,
          -2.2416999e-12,
          0.99969673,
          0,
          0.01023451,
          0.99994755,
          -0.0002520858,
          0,
          -0.9996444,
          0.010237615,
          0.024622202,
          0,
          0.37416476,
          1.314306,
          -0.262937,
          1
        ]
      },
      {
        "date" : 794419058.345932,
        "title" : "Untitled",
        "transform" : [
          0.02462349,
          -2.2416999e-12,
          0.99969673,
          0,
          0.01023451,
          0.99994755,
          -0.0002520858,
          0,
          -0.9996444,
          0.010237615,
          0.024622202,
          0,
          0.37416476,
          1.314306,
          -0.262937,
          1
        ]
      },
      {
        "date" : 794419041.686389,
        "title" : "Untitled",
        "transform" : [
          -0.012413557,
          -2.633671e-12,
          0.999923,
          0,
          0.037574172,
          0.99929374,
          0.00046646502,
          0,
          -0.9992168,
          0.037577067,
          -0.012404789,
          0,
          0.54811275,
          1.2846609,
          -0.28228858,
          1
        ]
      },
      {
        "date" : 794419005.394633,
        "title" : "Untitled",
        "transform" : [
          -0.70042217,
          -6.4465553e-09,
          0.7137287,
          0,
          0.511014,
          0.6981229,
          0.5014868,
          0,
          -0.49827045,
          0.71597785,
          -0.48898083,
          0,
          -0.8909691,
          1.3196758,
          -0.4700917,
          1
        ]
      },
      {
        "date" : 794418937.08771,
        "title" : "Untitled",
        "transform" : [
          0.004421943,
          -9.488273e-05,
          0.9999902,
          0,
          0.85362154,
          0.52088034,
          -0.0037252796,
          0,
          -0.52087486,
          0.8536297,
          0.0023842969,
          0,
          -0.7737959,
          1.0183592,
          0.094507895,
          1
        ]
      },
      {
        "date" : 794418898.726824,
        "title" : "Untitled",
        "transform" : [
          -0.77151704,
          -4.520966e-08,
          0.6362087,
          0,
          0.41089243,
          0.7634682,
          0.4982807,
          0,
          -0.48572513,
          0.64584535,
          -0.58902866,
          0,
          -1.250578,
          1.7984786,
          -0.5977362,
          1
        ]
      }
    ]
  },
  "sceneViewportBackgroundColors" : {

  },
  "selectedSceneRelativePath" : "BulkImport\/A_DeltaIntegrale.usda"
}